path_mode = 2
angle_mode = 0
delay = 0
speed = 300
overshoot = 1
warp_player = 0
hide_player = 1
ga_buffer_len = 128
x0 = 1550
x1 = 1702.2
x2 = 5266.15
y0 = -17.8271
y1 = -48.2843
y2 = 43.7523
z0 = 41.368
z1 = 1316.28
z2 = 746.999
a0 = 0
a1 = 0
p0 = 0.0015564
p1 = 0.00312805