path_mode = 2
angle_mode = 0
delay = 0
speed = 300
overshoot = 1
warp_player = 0
hide_player = 1
ga_buffer_len = 128
x0 = -1101.88
x1 = -819.648
x2 = -5389.73
y0 = 23186.8
y1 = 28649.9
y2 = 27339.7
z0 = 72.3364
z1 = 243.558
z2 = 259.893
a0 = 0
a1 = 0
p0 = 0.0015564
p1 = 0.00312805