path_mode = 0
speed_mode = 1
angle_mode = 0
delay = 0
speed = 684.375
overshoot = 0
warp_player = 0
hide_player = 0
ga_buffer_len = 128
x0 = 0
x1 = 0
y0 = -4000
y1 = 1200
z0 = 80
z1 = 80
a0 = 0
a1 = 0
p0 = 0.0921936
p1 = -0.0921936