path_mode = 2
angle_mode = 0
delay = 0
speed = 300
overshoot = 0
warp_player = 0
hide_player = 1
ga_buffer_len = 128
x0 = -2756.82
x1 = -2761.98
x2 = -2894.23
y0 = 281.531
y1 = 933.725
y2 = 259.064
z0 = 44.2231
z1 = 101.773
z2 = 230.103
a0 = 0
a1 = 0
p0 = 0.0015564
p1 = 0.00312805