path_mode = 0
speed_mode = 1
angle_mode = 1
delay = 0
speed = 684.375
overshoot = 0
warp_player = 0
hide_player = 0
ga_buffer_len = 128
x0 = -1677.92
x1 = -4640.71
y0 = 453.852
y1 = -111.323
z0 = 80
z1 = 80
a0 = 0.25
a1 = 0.25
p0 = 0.0015564
p1 = 0.00312805